50 50 295.6  0.0 -0.042 -1.0 140 0.421
10
99990 40.8 81.6  100000  DIFF  0.75 0.25 0.25  0.0 0.0 0.0
-99885 40.8 81.6  100000  DIFF  0.25 0.25 0.75  0.0 0.0 0.0
50.0 40.8 100000  100000  DIFF  0.25 0.75 0.25  0.0 0.0 0.0
50.0 40.8 -99830  100000  DIFF  1.00 1.00 0.00  0.0 0.0 0.0
50.0 100000 81.6  100000  DIFF  0.75 0.75 0.75  0.0 0.0 0.0
50 -99918.4 81.6  100000  DIFF  0.75 0.75 0.75  0.0 0.0 0.0
17 16.5 32  16.5 SPEC 0.9 0.9 0.9  0.0 0.0 0.0
83 16.5 43  16.5 REFR 0.9 0.9 0.9  0.0 0.0 0.0
55 16.5 72  16.5 DIFF 0.999 0.999 0.999  0.0 0.0 0.0
50 65.1 71.6  1.5  DIFF  0.0 0.0 0.0  400.0 400.0 400.0
